
    0.3288    0.6850    0.4845    0.2916    0.7978    0.7727    0.1265    0.5557    0.2578    0.8711    0.5583    0.2405
    0.6538    0.5979    0.1518    0.6035    0.4876    0.6964    0.1343    0.1844    0.3968    0.3508    0.7425    0.7639
    0.7491    0.7894    0.7819    0.9644    0.7690    0.1253    0.0986    0.2120    0.0740    0.6855    0.4243    0.7593
    0.5832    0.3677    0.1006    0.4325    0.3960    0.1302    0.1420    0.0773    0.6841    0.2941    0.4294    0.7406
    0.7400    0.2060    0.2941    0.6948    0.2729    0.0924    0.1683    0.9138    0.4024    0.5306    0.1249    0.7437
    0.2348    0.0867    0.2374    0.7581    0.0372    0.0078    0.1962    0.7067    0.9828    0.8324    0.0244    0.1059
    0.7350    0.7719    0.5309    0.4326    0.6733    0.4231    0.3175    0.5578    0.4022    0.5975    0.2902    0.6816
    0.9706    0.2057    0.0915    0.6555    0.4296    0.6556    0.3164    0.3134    0.6207    0.3353    0.3175    0.4633
    0.8669    0.3883    0.4053    0.1098    0.4517    0.7229    0.2176    0.1662    0.1544    0.2992    0.6537    0.2122
    0.0862    0.5518    0.1048    0.9338    0.6099    0.5312    0.2510    0.6225    0.3813    0.4526    0.9569    0.0985
    0.3664    0.2290    0.1123    0.1875    0.0594    0.1088    0.8929    0.9879    0.1611    0.4226    0.9357    0.8236
    0.3692    0.6419    0.7844    0.2662    0.3158    0.6318    0.7032    0.1704    0.7581    0.3596    0.4579    0.1750

    0.1636    0.1202    0.1635    0.6421    0.0600    0.1841    0.0875    0.7458    0.0300    0.8990    0.9456    0.7505
    0.6660    0.5250    0.9211    0.4190    0.8667    0.7258    0.6401    0.8131    0.5357    0.6259    0.6766    0.5835
    0.8944    0.3258    0.7947    0.3908    0.6312    0.3704    0.1806    0.3833    0.0871    0.1379    0.9883    0.5518
    0.5166    0.5464    0.5774    0.8161    0.3551    0.8416    0.0451    0.6173    0.8021    0.2178    0.7668    0.5836
    0.7027    0.3989    0.4400    0.3174    0.9970    0.7342    0.7232    0.5755    0.9891    0.1821    0.3367    0.5118
    0.1536    0.4151    0.2576    0.8145    0.2242    0.5710    0.3474    0.5301    0.0669    0.0418    0.6624    0.0826
    0.9535    0.1807    0.7519    0.7891    0.6525    0.1769    0.6606    0.2751    0.9394    0.1069    0.2442    0.7196
    0.5409    0.2554    0.2287    0.8523    0.6050    0.9574    0.3839    0.2486    0.0182    0.6164    0.2955    0.9962
    0.6797    0.0205    0.0642    0.5056    0.3872    0.2653    0.6273    0.4516    0.6838    0.9397    0.6802    0.3545
    0.0366    0.9237    0.7673    0.6357    0.1422    0.9246    0.0216    0.2277    0.7837    0.3545    0.5278    0.9713
    0.8092    0.6537    0.6712    0.9509    0.0251    0.2238    0.9106    0.8044    0.5341    0.4106    0.4116    0.3464
    0.7486    0.9326    0.7152    0.4440    0.4211    0.3736    0.8006    0.9861    0.8854    0.9843    0.6026    0.8865

    0.4547    0.0427    0.7669    0.3119    0.9976    0.1248    0.6195    0.3569    0.7150    0.8770    0.8112    0.3480
    0.4134    0.3782    0.9345    0.1790    0.8116    0.7306    0.3606    0.6627    0.8562    0.3531    0.0193    0.1217
    0.2177    0.7043    0.1079    0.3390    0.4857    0.6465    0.7565    0.2815    0.2815    0.4494    0.0839    0.8842
    0.1257    0.7295    0.1822    0.2101    0.8944    0.8332    0.4139    0.2304    0.7311    0.9635    0.9748    0.0943
    0.3089    0.2243    0.0991    0.5102    0.1375    0.3983    0.4923    0.7111    0.1378    0.0423    0.6513    0.9300
    0.7261    0.2691    0.4898    0.9064    0.3900    0.7498    0.6947    0.6246    0.8367    0.9730    0.2312    0.3990
    0.7829    0.6730    0.1932    0.6289    0.9274    0.8352    0.9727    0.5906    0.1386    0.1892    0.4035    0.0474
    0.6938    0.4775    0.8959    0.1015    0.9175    0.3225    0.3278    0.6604    0.5882    0.6671    0.1220    0.3424
    0.0098    0.6237    0.0991    0.3909    0.7136    0.5523    0.8378    0.0476    0.3662    0.5864    0.2684    0.7360
    0.8432    0.2364    0.0442    0.0546    0.6183    0.9791    0.7391    0.3488    0.8068    0.6751    0.2578    0.7947
    0.9223    0.1771    0.5573    0.5013    0.3433    0.5493    0.9542    0.4513    0.5038    0.3610    0.3317    0.5449
    0.7710    0.8296    0.7725    0.4317    0.9360    0.3304    0.0319    0.2409    0.4896    0.6203    0.1522    0.6862

    0.8936    0.2859    0.3077    0.9809    0.6463    0.6539    0.3889    0.8997    0.8266    0.0186    0.3958    0.3242
    0.0548    0.5437    0.1387    0.2866    0.5212    0.0721    0.4547    0.7626    0.3900    0.6748    0.3981    0.3017
    0.3037    0.9848    0.4756    0.8008    0.3723    0.4067    0.2467    0.8825    0.4979    0.4385    0.5154    0.0117
    0.0462    0.7157    0.3625    0.8961    0.9371    0.6669    0.7844    0.2850    0.6948    0.4378    0.6575    0.5399
    0.1955    0.8390    0.7881    0.5975    0.8295    0.9337    0.8828    0.6732    0.8344    0.1170    0.9509    0.0954
    0.7202    0.4333    0.7803    0.8840    0.8491    0.8110    0.9137    0.6643    0.6096    0.8147    0.7223    0.1465
    0.7218    0.4706    0.6685    0.9437    0.3725    0.4845    0.5583    0.1228    0.5747    0.3249    0.4001    0.6311
    0.8778    0.5607    0.1335    0.5492    0.5932    0.7567    0.5989    0.4073    0.3260    0.2462    0.8319    0.8593
    0.5824    0.2691    0.0216    0.7284    0.8726    0.4170    0.1489    0.2753    0.4564    0.3427    0.1343    0.9742
    0.0707    0.7490    0.5598    0.5768    0.9335    0.9718    0.8997    0.7167    0.7138    0.3757    0.0605    0.5708
    0.9227    0.5039    0.3008    0.0259    0.6685    0.9880    0.4504    0.2834    0.8844    0.5466    0.0842    0.9969
    0.8004    0.6468    0.9394    0.4465    0.2068    0.8641    0.2057    0.8962    0.7209    0.5619    0.1639    0.5535

    0.5155    0.8862    0.4279    0.8363    0.1093    0.2180    0.5201    0.9870    0.5905    0.8669    0.0868    0.0034
    0.3307    0.9311    0.9661    0.7314    0.3899    0.5716    0.8639    0.5051    0.4406    0.4068    0.4294    0.2207
    0.4300    0.1908    0.6201    0.3600    0.5909    0.1222    0.0977    0.2714    0.9419    0.1126    0.2573    0.0013
    0.4918    0.2586    0.6954    0.4542    0.4594    0.6712    0.9081    0.1008    0.6559    0.4438    0.2976    0.1892
    0.0710    0.8979    0.7202    0.3864    0.0503    0.5996    0.1080    0.5078    0.4519    0.3002    0.4249    0.1425
    0.8877    0.5934    0.3469    0.7756    0.2287    0.0560    0.5170    0.5856    0.8397    0.4014    0.1192    0.2681
    0.0646    0.5038    0.5170    0.7343    0.8342    0.0563    0.1432    0.7629    0.5326    0.8334    0.4951    0.1749
    0.4362    0.6128    0.5567    0.4303    0.0156    0.1525    0.5594    0.0830    0.5539    0.4036    0.7064    0.1386
    0.8266    0.8194    0.1565    0.6938    0.8637    0.0196    0.0046    0.6616    0.6801    0.3902    0.2436    0.5989
    0.3945    0.5319    0.5621    0.9452    0.0781    0.4352    0.7667    0.5170    0.3672    0.3604    0.7851    0.9011
    0.6135    0.2021    0.6948    0.7842    0.6690    0.8322    0.8487    0.1710    0.2393    0.1403    0.0741    0.9394
    0.8186    0.4539    0.4265    0.7056    0.5002    0.6174    0.9168    0.9386    0.5789    0.2601    0.3939    0.2212

    0.4827    0.0073    0.3180    0.1793    0.9564    0.4390    0.1478    0.0249    0.5816    0.2732    0.4480    0.2369
    0.3760    0.6800    0.6086    0.3365    0.9357    0.2874    0.1982    0.6714    0.1161    0.1519    0.5694    0.9573
    0.5238    0.7060    0.9102    0.1877    0.8187    0.5017    0.6723    0.8372    0.0577    0.3971    0.0614    0.6203
    0.2649    0.6451    0.9091    0.3219    0.7283    0.7615    0.4315    0.9715    0.9798    0.3747    0.4963    0.6003
    0.0684    0.5523    0.5916    0.4039    0.1758    0.7624    0.6944    0.0569    0.2848    0.1311    0.6423    0.1726
    0.4363    0.2181    0.3326    0.5486    0.3604    0.5761    0.2568    0.4503    0.5950    0.4350    0.2213    0.0903
    0.1739    0.7724    0.8531    0.0487    0.1888    0.7477    0.0098    0.5825    0.9622    0.0915    0.8371    0.2553
    0.0261    0.2280    0.4424    0.5527    0.0012    0.6455    0.5323    0.6866    0.1858    0.6146    0.9711    0.8586
    0.9547    0.3709    0.9044    0.2748    0.3164    0.1232    0.2794    0.7194    0.1930    0.0110    0.8464    0.9111
    0.4306    0.8909    0.0332    0.2415    0.6996    0.5044    0.9462    0.6500    0.3416    0.5733    0.5060    0.6996
    0.9616    0.8564    0.5324    0.2431    0.6253    0.3473    0.9064    0.7269    0.9329    0.7897    0.2789    0.7252
    0.7624    0.4024    0.7165    0.1542    0.5431    0.0921    0.3927    0.3738    0.3907    0.2354    0.7466    0.2299

    0.5761    0.8588    0.2915    0.8277    0.1477    0.7117    0.1866    0.9102    0.8549    0.9624    0.7124    0.3268
    0.8106    0.7890    0.8504    0.1910    0.4761    0.8715    0.7811    0.1938    0.9624    0.5351    0.0167    0.8803
    0.4038    0.3178    0.9116    0.4425    0.9081    0.3287    0.1958    0.4324    0.6789    0.9639    0.8009    0.4711
    0.9884    0.4522    0.6393    0.3934    0.5522    0.6501    0.9924    0.7492    0.4035    0.1156    0.1425    0.4040
    0.0900    0.7522    0.2554    0.8266    0.0329    0.9748    0.8023    0.0392    0.9350    0.0514    0.4785    0.1792
    0.3209    0.1099    0.0887    0.6769    0.0539    0.0760    0.4242    0.9463    0.4795    0.3043    0.2568    0.9689
    0.5114    0.1097    0.8383    0.2076    0.8051    0.5870    0.7289    0.7637    0.2318    0.5802    0.3691    0.4075
    0.0606    0.2699    0.5847    0.3181    0.4514    0.4139    0.4984    0.5588    0.3963    0.5310    0.6618    0.8445
    0.7257    0.5246    0.9481    0.1338    0.3826    0.3091    0.8090    0.1838    0.7051    0.9012    0.1696    0.6153
    0.5566    0.9727    0.0610    0.6715    0.7896    0.2638    0.3565    0.4979    0.5586    0.5406    0.2788    0.3766
    0.5294    0.7104    0.5846    0.5710    0.3643    0.7588    0.0732    0.5178    0.7566    0.4320    0.1982    0.8772
    0.8300    0.3119    0.2851    0.1698    0.5323    0.9952    0.5910    0.9942    0.9955    0.5427    0.1951    0.7849

    0.4650    0.5401    0.4550    0.2411    0.9173    0.9995    0.4409    0.6109    0.9508    0.5827    0.4018    0.8241
    0.8140    0.3111    0.1273    0.8414    0.1616    0.9810    0.9562    0.9000    0.4976    0.8549    0.4064    0.8280
    0.8984    0.0712    0.0086    0.8572    0.7156    0.1270    0.1240    0.1934    0.7551    0.0349    0.3862    0.2934
    0.4292    0.1820    0.7271    0.9636    0.5777    0.2322    0.4708    0.7544    0.7424    0.8854    0.6098    0.3094
    0.3343    0.0930    0.3541    0.4889    0.4333    0.0236    0.8569    0.3463    0.8311    0.4077    0.1669    0.5230
    0.5966    0.4635    0.7804    0.2203    0.8842    0.6074    0.0434    0.4186    0.1565    0.0364    0.1881    0.3253
    0.9020    0.0093    0.4367    0.2262    0.3931    0.1108    0.6916    0.1557    0.4573    0.7461    0.0946    0.8318
    0.7021    0.9150    0.4366    0.5368    0.1790    0.4075    0.9790    0.8190    0.6181    0.1548    0.3232    0.8103
    0.3775    0.6427    0.0492    0.7621    0.6333    0.8841    0.2833    0.6249    0.9322    0.1439    0.7696    0.5570
    0.7350    0.0014    0.0496    0.3476    0.6240    0.5481    0.1338    0.7386    0.8351    0.6060    0.2341    0.2630
    0.9541    0.0304    0.0911    0.4612    0.3279    0.3690    0.6853    0.8051    0.8954    0.2545    0.7404    0.6806
    0.5428    0.2085    0.5940    0.6393    0.8030    0.2083    0.9095    0.0672    0.5825    0.3242    0.6928    0.2337

    0.4564    0.9883    0.3381    0.8224    0.2871    0.3978    0.9325    0.8621    0.8214    0.8497    0.7817    0.1590
    0.3846    0.9295    0.8323    0.0252    0.9275    0.3337    0.7633    0.6147    0.8411    0.2763    0.1485    0.2369
    0.5386    0.4095    0.5526    0.4144    0.0513    0.2296    0.8264    0.9912    0.3545    0.6223    0.6198    0.7022
    0.9917    0.0003    0.9575    0.7314    0.5927    0.9361    0.5735    0.2037    0.4301    0.5884    0.2606    0.3755
    0.7552    0.5409    0.8928    0.7814    0.1629    0.6832    0.7926    0.8272    0.5722    0.9635    0.4457    0.9737
    0.9805    0.2077    0.3565    0.3673    0.8384    0.9621    0.3290    0.6759    0.7008    0.0859    0.8440    0.9723
    0.2348    0.2193    0.5464    0.7449    0.1676    0.4380    0.2235    0.2489    0.7425    0.5005    0.1962    0.6437
    0.5286    0.3258    0.3467    0.8923    0.5022    0.9403    0.3124    0.4758    0.7579    0.5216    0.3039    0.8601
    0.0514    0.0959    0.6228    0.2426    0.9993    0.0058    0.5845    0.3991    0.3891    0.0902    0.4833    0.4019
    0.7569    0.7475    0.7966    0.1296    0.3554    0.6103    0.8299    0.5994    0.4293    0.9047    0.3378    0.6319
    0.6020    0.7485    0.7459    0.2251    0.0471    0.8011    0.2905    0.8005    0.9563    0.8844    0.7985    0.9852
    0.8572    0.5433    0.1255    0.3500    0.2137    0.2330    0.4026    0.1051    0.5730    0.4390    0.9875    0.5595

    0.9336    0.6532    0.0303    0.2754    0.3257    0.4509    0.0591    0.5387    0.6513    0.0573    0.7826    0.2860
    0.7203    0.1084    0.6963    0.2818    0.6302    0.5511    0.7409    0.6505    0.8646    0.6295    0.2955    0.6991
    0.4840    0.0361    0.5197    0.8801    0.2303    0.8054    0.5068    0.7266    0.0560    0.7962    0.1518    0.7963
    0.6390    0.6181    0.0590    0.4443    0.5799    0.7009    0.1999    0.0945    0.8169    0.6912    0.8479    0.4416
    0.8876    0.5671    0.8900    0.7559    0.6032    0.8722    0.4272    0.8776    0.5289    0.3453    0.7849    0.4462
    0.1987    0.9620    0.3302    0.6033    0.5999    0.0522    0.1687    0.0144    0.6944    0.9468    0.2708    0.4657
    0.3954    0.7461    0.2297    0.7833    0.4484    0.2197    0.7517    0.2943    0.2124    0.5202    0.2278    0.2790
    0.9922    0.6625    0.1139    0.1139    0.0354    0.4596    0.3684    0.1799    0.5433    0.9538    0.3210    0.6754
    0.4024    0.5233    0.3109    0.9786    0.5138    0.9585    0.9418    0.9263    0.7025    0.0736    0.8296    0.9037
    0.6589    0.2599    0.2284    0.8486    0.4077    0.7900    0.0172    0.0682    0.9564    0.2070    0.8222    0.9085
    0.9013    0.9620    0.6520    0.0506    0.1080    0.4519    0.8291    0.5811    0.4445    0.7750    0.5707    0.7472
    0.9954    0.5402    0.0662    0.4662    0.4599    0.3334    0.6266    0.6372    0.0854    0.9142    0.5718    0.2605

    0.6896    0.8901    0.3321    0.2461    0.0693    0.3264    0.5581    0.2501    0.6008    0.1112    0.2827    0.1373
    0.1318    0.5385    0.8975    0.5815    0.1360    0.6618    0.4278    0.9277    0.1125    0.2974    0.1552    0.5047
    0.1235    0.2822    0.4996    0.9377    0.7889    0.1176    0.2672    0.0686    0.5158    0.3964    0.0007    0.4050
    0.1909    0.9760    0.6153    0.0478    0.0924    0.1478    0.7537    0.2994    0.8378    0.4208    0.2836    0.1736
    0.1457    0.0364    0.5831    0.0540    0.2379    0.0198    0.8984    0.5916    0.9208    0.3115    0.5508    0.5752
    0.5850    0.3262    0.6983    0.0206    0.2436    0.9643    0.7284    0.2033    0.4982    0.6938    0.8709    0.6062
    0.0734    0.9730    0.0293    0.6815    0.1048    0.9704    0.4068    0.6359    0.2776    0.0919    0.0423    0.2144
    0.8223    0.3650    0.5279    0.5986    0.8584    0.1239    0.9383    0.7984    0.6525    0.4021    0.9047    0.5199
    0.7229    0.3091    0.0321    0.1140    0.6982    0.4674    0.2554    0.5017    0.9173    0.2952    0.1310    0.9892
    0.9259    0.1209    0.8271    0.7962    0.7337    0.6567    0.5332    0.6508    0.5098    0.3065    0.8337    0.4899
    0.4926    0.9158    0.3400    0.6179    0.6505    0.2902    0.9548    0.7960    0.9742    0.1056    0.8005    0.6949
    0.6549    0.1355    0.8467    0.0702    0.5163    0.7545    0.2677    0.2334    0.1973    0.5938    0.9179    0.4114

    0.0348    0.1237    0.7339    0.3798    0.1436    0.9018    0.8563    0.8584    0.7286    0.4255    0.9390    0.3381
    0.2928    0.8210    0.3320    0.9797    0.8713    0.4195    0.5842    0.1998    0.5343    0.6112    0.8154    0.8595
    0.8014    0.6379    0.8397    0.3990    0.0832    0.3581    0.3736    0.6073    0.2531    0.8558    0.0014    0.3405
    0.3465    0.0161    0.3717    0.4402    0.4617    0.4890    0.2217    0.5430    0.9171    0.6708    0.0031    0.1381
    0.0833    0.8960    0.8282    0.1568    0.0304    0.2560    0.2190    0.1623    0.7582    0.5236    0.0875    0.5078
    0.5111    0.5154    0.1765    0.3260    0.7532    0.9292    0.5222    0.0057    0.8870    0.2988    0.2607    0.8567
    0.3668    0.5445    0.1295    0.3141    0.7000    0.4668    0.4334    0.7715    0.0688    0.7040    0.0228    0.3843
    0.7395    0.6064    0.8799    0.8945    0.2145    0.2540    0.7413    0.7648    0.1835    0.3816    0.4241    0.6957
    0.5247    0.7604    0.0441    0.2470    0.6799    0.4312    0.0704    0.4211    0.7371    0.5677    0.3411    0.6279
    0.8045    0.8553    0.6867    0.3107    0.5573    0.7025    0.8473    0.0568    0.6967    0.8879    0.5414    0.4504
    0.8169    0.3829    0.7338    0.4089    0.8507    0.4023    0.6799    0.5857    0.7770    0.8429    0.9262    0.4736
    0.1895    0.0846    0.4372    0.7080    0.5586    0.1818    0.1367    0.1742    0.5019    0.8988    0.2985    0.9497

    0.0835    0.4874    0.9806    0.2442    0.8799    0.8574    0.7896    0.4468    0.0348    0.0921    0.4333    0.9480
    0.2798    0.2295    0.6448    0.4290    0.0954    0.0844    0.7992    0.8160    0.7578    0.0240    0.1752    0.0596
    0.4470    0.0856    0.8964    0.0102    0.3526    0.9721    0.0496    0.0983    0.9571    0.4911    0.1932    0.2687
    0.5876    0.0674    0.4822    0.6088    0.5934    0.0315    0.2832    0.8596    0.3429    0.2783    0.6164    0.9867
    0.8776    0.8884    0.0141    0.9580    0.5852    0.8354    0.6535    0.0276    0.6382    0.3398    0.2690    0.7722
    0.4691    0.2332    0.6229    0.0954    0.6677    0.8357    0.4897    0.8992    0.3430    0.2873    0.5597    0.4754
    0.4374    0.8616    0.2311    0.0356    0.6480    0.0499    0.9729    0.8999    0.2165    0.1709    0.9448    0.6809
    0.7462    0.7117    0.5274    0.8862    0.4334    0.5459    0.7485    0.5241    0.7862    0.3993    0.7145    0.4169
    0.4679    0.8728    0.7250    0.2469    0.1398    0.9432    0.5678    0.1202    0.7231    0.6976    0.6792    0.3801
    0.8608    0.9380    0.6074    0.0089    0.7519    0.3215    0.2990    0.1778    0.2788    0.2037    0.9594    0.2133
    0.4665    0.1397    0.5884    0.8149    0.2418    0.8065    0.2561    0.7061    0.5824    0.6663    0.7753    0.3829
    0.4981    0.3939    0.4334    0.1405    0.6505    0.6014    0.8866    0.8314    0.4210    0.4431    0.6077    0.0297

    0.4723    0.5674    0.0597    0.8370    0.4694    0.3390    0.4794    0.3662    0.1202    0.6287    0.7151    0.7603
    0.3334    0.9688    0.6580    0.8333    0.4138    0.4012    0.8985    0.2266    0.5691    0.8778    0.5048    0.5841
    0.9758    0.8245    0.8896    0.2037    0.5027    0.5270    0.9347    0.5348    0.8750    0.6624    0.4880    0.4030
    0.5554    0.9596    0.1096    0.5444    0.1254    0.8942    0.8179    0.2895    0.3486    0.8754    0.4978    0.5100
    0.8463    0.6463    0.4378    0.8749    0.1323    0.7784    0.7089    0.0684    0.0419    0.4675    0.9360    0.4956
    0.4081    0.3796    0.2802    0.1210    0.8705    0.0694    0.7432    0.0850    0.1423    0.1413    0.3893    0.6514
    0.4620    0.4766    0.9852    0.8564    0.6030    0.2788    0.8997    0.0683    0.0766    0.0681    0.1171    0.7437
    0.8263    0.9119    0.6088    0.8998    0.2653    0.3794    0.0652    0.4098    0.7405    0.7142    0.2404    0.3020
    0.9912    0.0149    0.2537    0.2179    0.8648    0.8647    0.3359    0.1234    0.4565    0.3080    0.6849    0.0896
    0.5239    0.1567    0.1326    0.0770    0.0581    0.4200    0.0043    0.4430    0.6682    0.6712    0.8393    0.8260
    0.9254    0.4716    0.5450    0.4742    0.4578    0.2399    0.8281    0.8989    0.6992    0.6524    0.9701    0.3896
    0.7390    0.5430    0.8278    0.8350    0.7222    0.5977    0.5074    0.3536    0.5714    0.5310    0.2152    0.7753

    0.1794    0.9875    0.3090    0.8291    0.5553    0.0309    0.6320    0.0844    0.1629    0.7946    0.9224    0.7672
    0.1094    0.9227    0.9508    0.5119    0.1276    0.4939    0.2433    0.5313    0.5659    0.9258    0.0536    0.0499
    0.9052    0.5643    0.9820    0.5520    0.1692    0.8627    0.5714    0.8006    0.9316    0.1788    0.5270    0.6853
    0.8764    0.4315    0.5136    0.2133    0.0010    0.2429    0.9817    0.7388    0.7831    0.5175    0.1189    0.6203
    0.9998    0.3378    0.9926    0.5878    0.4182    0.8343    0.8497    0.1417    0.6857    0.6270    0.3801    0.7467
    0.8643    0.7207    0.4558    0.1428    0.4885    0.8136    0.2834    0.4379    0.4662    0.9132    0.8128    0.9773
    0.0369    0.0137    0.4260    0.0522    0.1599    0.6290    0.6825    0.3504    0.2603    0.6640    0.2441    0.3839
    0.5447    0.3741    0.2132    0.6833    0.6668    0.0022    0.3581    0.4785    0.5693    0.3892    0.8844    0.2602
    0.9976    0.9227    0.1932    0.6086    0.0179    0.3797    0.9869    0.5874    0.2488    0.7400    0.7126    0.8775
    0.5110    0.5465    0.8328    0.2197    0.1197    0.9044    0.0840    0.1458    0.3193    0.8176    0.3781    0.8061
    0.8735    0.4739    0.7266    0.4063    0.9521    0.6804    0.2503    0.9053    0.9108    0.6003    0.2489    0.4611
    0.0702    0.4965    0.5297    0.6299    0.9759    0.3788    0.8113    0.6402    0.8852    0.0850    0.2529    0.0910

    0.5643    0.6786    0.9976    0.9861    0.1409    0.6556    0.8622    0.7424    0.7307    0.7006    0.8602    0.6444
    0.1874    0.9460    0.5173    0.7182    0.8935    0.9382    0.4429    0.9374    0.2612    0.2419    0.3972    0.1692
    0.5317    0.0916    0.9905    0.4132    0.4658    0.6204    0.5480    0.5134    0.0948    0.7598    0.4794    0.9522
    0.3550    0.9084    0.2265    0.0986    0.5609    0.2828    0.5669    0.2409    0.4510    0.2909    0.5650    0.5433
    0.3148    0.5100    0.3980    0.7346    0.4945    0.2052    0.6804    0.2600    0.6401    0.2774    0.4896    0.2514
    0.7267    0.6149    0.6966    0.6373    0.0678    0.4391    0.3714    0.7590    0.1320    0.0061    0.2698    0.5786
    0.5158    0.3161    0.0646    0.0738    0.8976    0.0273    0.0782    0.9933    0.4528    0.3747    0.9897    0.9155
    0.7906    0.0775    0.7477    0.1205    0.2886    0.8762    0.4564    0.3567    0.6522    0.4369    0.1837    0.8956
    0.2045    0.8506    0.4204    0.9816    0.2690    0.6101    0.0478    0.7529    0.8270    0.3043    0.8617    0.4825
    0.6781    0.1445    0.8113    0.4968    0.5942    0.2036    0.7383    0.1100    0.3081    0.2909    0.0326    0.4427
    0.0525    0.3705    0.3796    0.0224    0.4759    0.5199    0.0380    0.5970    0.4024    0.2425    0.3320    0.3118
    0.8012    0.6224    0.3191    0.0538    0.3683    0.0538    0.9542    0.4306    0.8842    0.9367    0.7487    0.0553

    0.7538    0.2163    0.5982    0.3008    0.8518    0.1739    0.4974    0.2138    0.3806    0.5233    0.1203    0.8899
    0.1319    0.9763    0.6043    0.7981    0.8099    0.6256    0.5378    0.0346    0.9259    0.4299    0.6255    0.5014
    0.3559    0.5932    0.5164    0.7956    0.1868    0.5751    0.8709    0.4511    0.7408    0.2072    0.3466    0.2770
    0.3959    0.3044    0.0075    0.7811    0.2472    0.7510    0.7228    0.0138    0.7376    0.3234    0.3346    0.5340
    0.8855    0.9677    0.6889    0.3511    0.0542    0.1535    0.6681    0.4737    0.9469    0.1109    0.5746    0.5742
    0.0212    0.8960    0.9460    0.0543    0.6090    0.3568    0.1788    0.9512    0.5101    0.3752    0.8639    0.4128
    0.8441    0.1900    0.8735    0.7087    0.7772    0.1440    0.5505    0.2490    0.7919    0.3299    0.1986    0.0148
    0.2881    0.0018    0.1133    0.9929    0.5111    0.8506    0.9599    0.3864    0.4522    0.3421    0.6725    0.7028
    0.2503    0.7118    0.3546    0.1625    0.0278    0.3379    0.5960    0.4314    0.8492    0.8171    0.9018    0.5067
    0.4884    0.8677    0.2419    0.1136    0.9904    0.2752    0.8086    0.8309    0.3904    0.5317    0.1992    0.3813
    0.7290    0.1183    0.5603    0.9129    0.5009    0.0060    0.9845    0.8246    0.7384    0.5211    0.2983    0.0649
    0.2026    0.0390    0.6127    0.4817    0.3320    0.8019    0.8859    0.4530    0.9764    0.7743    0.4965    0.3586

    0.2343    0.7672    0.4073    0.7699    0.1070    0.8288    0.8208    0.6877    0.5741    0.5874    0.7059    0.8620
    0.2035    0.0700    0.2395    0.8296    0.7242    0.3225    0.9519    0.5684    0.4869    0.4590    0.7009    0.0838
    0.8138    0.9500    0.5209    0.7061    0.6137    0.9761    0.0763    0.3808    0.2622    0.8610    0.0062    0.3377
    0.3934    0.1582    0.2191    0.5953    0.7830    0.2782    0.7087    0.6346    0.5796    0.6608    0.3743    0.2361
    0.0536    0.2864    0.8424    0.7529    0.5666    0.0728    0.2349    0.3632    0.8783    0.3539    0.9015    0.3178
    0.3751    0.6871    0.6629    0.4967    0.8113    0.7512    0.3989    0.4076    0.0610    0.3472    0.3183    0.9844
    0.7750    0.1411    0.8162    0.8651    0.5768    0.8312    0.2681    0.3687    0.4409    0.2537    0.5971    0.5483
    0.1653    0.5121    0.7939    0.0680    0.9440    0.9223    0.8325    0.4684    0.0843    0.9525    0.2978    0.7493
    0.9122    0.7213    0.4691    0.9685    0.8715    0.3270    0.9954    0.5034    0.5632    0.2982    0.1250    0.8419
    0.3192    0.9288    0.3095    0.0988    0.5076    0.8041    0.6498    0.9105    0.5393    0.1584    0.3884    0.1669
    0.3298    0.7321    0.6876    0.5470    0.7888    0.5383    0.7040    0.2064    0.7681    0.3613    0.8177    0.9031
    0.2042    0.7498    0.9869    0.4030    0.4730    0.4633    0.9323    0.3386    0.2331    0.7416    0.9812    0.1051

    0.7451    0.0667    0.1529    0.5058    0.4113    0.5400    0.4243    0.3806    0.6154    0.5862    0.1692    0.0936
    0.7294    0.5415    0.1525    0.3051    0.8290    0.2211    0.4900    0.1037    0.7795    0.9258    0.2584    0.6506
    0.7175    0.2817    0.1556    0.7898    0.9351    0.0959    0.5835    0.3775    0.9548    0.5751    0.1979    0.2152
    0.1334    0.4809    0.0896    0.2364    0.3991    0.0602    0.0833    0.2629    0.9196    0.0100    0.6057    0.2439
    0.4458    0.6849    0.4544    0.2343    0.0522    0.8195    0.6602    0.2413    0.3848    0.8094    0.8237    0.3397
    0.5088    0.2083    0.6689    0.4647    0.5712    0.7715    0.0523    0.6229    0.1626    0.6088    0.8106    0.1979
    0.5305    0.6082    0.8313    0.6194    0.7477    0.1957    0.5568    0.5229    0.7968    0.4799    0.8022    0.5068
    0.8597    0.3262    0.7902    0.6153    0.3202    0.8951    0.7120    0.4132    0.1138    0.2684    0.7081    0.9508
    0.6777    0.8808    0.7127    0.1226    0.4929    0.6843    0.4879    0.2178    0.1588    0.2581    0.8594    0.3946
    0.8058    0.1334    0.4726    0.1238    0.2217    0.6568    0.6176    0.8586    0.3558    0.4810    0.7811    0.5845
    0.5312    0.1024    0.7086    0.2845    0.9393    0.9904    0.2138    0.8610    0.8478    0.2273    0.2038    0.6065
    0.9559    0.9591    0.9581    0.7357    0.4823    0.0337    0.6457    0.2839    0.5828    0.0486    0.9933    0.7146

    0.4015    0.8873    0.5003    0.0015    0.2870    0.7021    0.8914    0.2513    0.4765    0.7635    0.3246    0.4827
    0.8587    0.0558    0.5703    0.8838    0.3619    0.7437    0.8611    0.0402    0.1163    0.0489    0.0836    0.1283
    0.9205    0.1382    0.9766    0.4044    0.7248    0.3851    0.2099    0.2334    0.8757    0.7259    0.5127    0.2529
    0.7508    0.8631    0.4929    0.3012    0.8583    0.2515    0.3991    0.3611    0.6352    0.7013    0.8329    0.8840
    0.2856    0.4217    0.4009    0.9506    0.3479    0.0368    0.8879    0.6335    0.0973    0.4589    0.9046    0.1963
    0.7968    0.4113    0.9950    0.4606    0.9617    0.4721    0.2565    0.9861    0.9084    0.5823    0.7236    0.1214
    0.1428    0.9591    0.2610    0.2876    0.9536    0.6451    0.9668    0.2072    0.0350    0.3391    0.3830    0.5437
    0.5046    0.7502    0.6653    0.0846    0.2060    0.2790    0.6192    0.7571    0.0397    0.1706    0.2980    0.3146
    0.6107    0.9810    0.9643    0.5822    0.7682    0.5179    0.1653    0.8863    0.9886    0.3992    0.6917    0.3820
    0.7038    0.2335    0.6712    0.1531    0.6155    0.2457    0.8262    0.4722    0.6862    0.9198    0.8805    0.7915
    0.3833    0.0962    0.2992    0.0731    0.9189    0.2975    0.6557    0.1589    0.3767    0.2260    0.9245    0.8392
    0.7287    0.3846    0.5311    0.5806    0.6025    0.6505    0.5465    0.8109    0.5043    0.3610    0.0813    0.6802

    0.4169    0.7751    0.5463    0.1754    0.1988    0.6753    0.9998    0.2915    0.5936    0.2488    0.3354    0.4303
    0.6429    0.2368    0.6366    0.8583    0.6232    0.7446    0.0637    0.1884    0.8836    0.2267    0.9571    0.7740
    0.2141    0.8448    0.5709    0.9094    0.0263    0.8422    0.4255    0.0229    0.4245    0.7030    0.4399    0.6539
    0.6173    0.8165    0.9271    0.9617    0.3188    0.5167    0.4043    0.4494    0.6073    0.7542    0.6015    0.6577
    0.6752    0.8462    0.8638    0.5706    0.5330    0.1519    0.4003    0.2436    0.0708    0.5473    0.7203    0.1610
    0.6010    0.3702    0.1698    0.5629    0.3268    0.3807    0.1119    0.8687    0.9248    0.5535    0.6788    0.4324
    0.3463    0.3832    0.1787    0.1767    0.6022    0.8210    0.4243    0.5286    0.6421    0.6306    0.2128    0.5051
    0.3644    0.8613    0.2435    0.5137    0.3619    0.1714    0.6135    0.9141    0.1045    0.9855    0.0816    0.3753
    0.1715    0.4639    0.7518    0.5485    0.1349    0.3300    0.9881    0.9739    0.7002    0.6343    0.2745    0.4804
    0.7954    0.5705    0.1991    0.1653    0.9138    0.9665    0.2199    0.5854    0.3958    0.6005    0.8675    0.3424
    0.4927    0.6953    0.9829    0.4939    0.6406    0.8063    0.3541    0.1190    0.0849    0.9092    0.5594    0.7771
    0.3546    0.9609    0.7096    0.5351    0.6588    0.2222    0.2662    0.9265    0.2145    0.5708    0.4646    0.3839

    0.7116    0.1792    0.5651    0.8087    0.3385    0.1664    0.1890    0.0044    0.1695    0.6409    0.7858    0.4791
    0.4809    0.1654    0.8238    0.6329    0.5806    0.1496    0.6607    0.5426    0.8837    0.8086    0.9226    0.9939
    0.7292    0.1816    0.1261    0.6884    0.4752    0.2027    0.9412    0.8613    0.3879    0.8534    0.4923    0.6045
    0.9376    0.6914    0.3001    0.6396    0.8053    0.9550    0.9757    0.9091    0.3826    0.3981    0.8340    0.9449
    0.5173    0.2138    0.0021    0.7293    0.5308    0.0159    0.1079    0.8454    0.2715    0.1155    0.1314    0.4904
    0.9031    0.2981    0.9511    0.8598    0.2273    0.9575    0.1789    0.8789    0.8679    0.0803    0.7598    0.4379
    0.2182    0.7683    0.7663    0.6270    0.7095    0.0257    0.7466    0.7462    0.7415    0.3605    0.9257    0.7727
    0.8732    0.5012    0.7513    0.1806    0.1486    0.9711    0.0495    0.1175    0.4479    0.8289    0.8327    0.7441
    0.0827    0.9095    0.1389    0.5733    0.6581    0.2976    0.0713    0.5090    0.7096    0.2146    0.2594    0.4429
    0.4654    0.0579    0.3493    0.1636    0.6340    0.5251    0.4891    0.1688    0.9443    0.7910    0.2130    0.0530
    0.0219    0.4368    0.1513    0.9061    0.2293    0.8623    0.8499    0.8311    0.1741    0.6547    0.5223    0.0878
    0.8083    0.5723    0.4967    0.0773    0.1822    0.8964    0.9970    0.9280    0.2446    0.0261    0.3974    0.7980

    0.7116    0.1792    0.5651    0.8087    0.3385    0.1664    0.1890    0.0044    0.1695    0.6409    0.7858    0.4791
    0.4809    0.1654    0.8238    0.6329    0.5806    0.1496    0.6607    0.5426    0.8837    0.8086    0.9226    0.9939
    0.7292    0.1816    0.1261    0.6884    0.4752    0.2027    0.9412    0.8613    0.3879    0.8534    0.4923    0.6045
    0.9376    0.6914    0.3001    0.6396    0.8053    0.9550    0.9757    0.9091    0.3826    0.3981    0.8340    0.9449
    0.5173    0.2138    0.0021    0.7293    0.5308    0.0159    0.1079    0.8454    0.2715    0.1155    0.1314    0.4904
    0.9031    0.2981    0.9511    0.8598    0.2273    0.9575    0.1789    0.8789    0.8679    0.0803    0.7598    0.4379
    0.2182    0.7683    0.7663    0.6270    0.7095    0.0257    0.7466    0.7462    0.7415    0.3605    0.9257    0.7727
    0.8732    0.5012    0.7513    0.1806    0.1486    0.9711    0.0495    0.1175    0.4479    0.8289    0.8327    0.7441
    0.0827    0.9095    0.1389    0.5733    0.6581    0.2976    0.0713    0.5090    0.7096    0.2146    0.2594    0.4429
    0.4654    0.0579    0.3493    0.1636    0.6340    0.5251    0.4891    0.1688    0.9443    0.7910    0.2130    0.0530
    0.0219    0.4368    0.1513    0.9061    0.2293    0.8623    0.8499    0.8311    0.1741    0.6547    0.5223    0.0878
    0.8083    0.5723    0.4967    0.0773    0.1822    0.8964    0.9970    0.9280    0.2446    0.0261    0.3974    0.7980



